3.444799804687500000e+03
1.399979687500000000e+05
1.205089160156250000e+04
1.213116699218750000e+03
8.499741406250000000e+04
2.355097900390625000e+03
3.164747314453125000e+03
1.089529174804687500e+03
1.796817260742187500e+03
1.300018554687500000e+03
9.833184242248535156e+00
3.871042966842651367e+00
4.563096237182617188e+01
2.706053972244262695e+00
8.318265080451965332e-01
4.630925655364990234e-01
3.051102757453918457e-01
2.174453586339950562e-01
1.624553948640823364e-01
1.253933310508728027e-01
9.918212145566940308e-02
7.998024672269821167e-02
6.552379578351974487e-02
5.439748615026473999e-02
4.567600414156913757e-02
3.873256593942642212e-02
3.313011303544044495e-02
2.855641208589076996e-02
2.478371933102607727e-02
2.164291217923164368e-02
1.900639943778514862e-02
1.677656732499599457e-02
1.487779337912797928e-02
1.325082965195178986e-02
1.184877287596464157e-02
1.063415221869945526e-02
9.576767683029174805e-03
8.652091957628726959e-03
7.840055972337722778e-03
7.124129217118024826e-03
6.490609608590602875e-03
5.928072147071361542e-03
5.426940042525529861e-03
4.979141987860202789e-03
4.577844869345426559e-03
4.217235837131738663e-03
3.892350709065794945e-03
3.598930547013878822e-03
3.333308966830372810e-03
3.092317609116435051e-03
2.873210003599524498e-03
2.673596143722534180e-03
2.491390565410256386e-03
2.324768109247088432e-03
2.172126900404691696e-03
2.032056916505098343e-03
1.903313794173300266e-03
1.784797175787389278e-03
1.675530918873846531e-03
1.574647962115705013e-03
1.481375540606677532e-03
1.395024242810904980e-03
1.314977416768670082e-03
1.240682438947260380e-03
1.171643030829727650e-03
1.107412856072187424e-03
1.047589932568371296e-03
9.918113937601447105e-04
9.397488902322947979e-04
8.911055629141628742e-04
8.456118521280586720e-04
8.030232274904847145e-04
7.631170446984469891e-04
7.256907410919666290e-04
6.905593909323215485e-04
6.575543084181845188e-04
6.265210686251521111e-04
5.973185179755091667e-04
5.698170862160623074e-04
5.438979715108871460e-04
5.194520927034318447e-04
4.963790415786206722e-04
4.745863261632621288e-04
4.539888759609311819e-04
4.345081106293946505e-04
4.160714161116629839e-04
3.986117953900247812e-04
3.820671408902853727e-04
3.663800307549536228e-04
3.514972049742937088e-04
3.373692161403596401e-04
3.239502548240125179e-04
3.111976257059723139e-04
2.990717475768178701e-04
2.875356585718691349e-04
2.765550452750176191e-04
2.660978643689304590e-04
2.561341971158981323e-04
2.466361620463430882e-04
2.375776821281760931e-04
2.289344265591353178e-04
2.206835633842274547e-04
2.128037885995581746e-04
2.052750787697732449e-04
1.980787346838042140e-04
1.911971776280552149e-04
1.846139057306572795e-04
1.783134503057226539e-04
1.722812594380229712e-04
1.665036397753283381e-04
1.609677565284073353e-04
1.556614733999595046e-04
1.505733962403610349e-04
1.456927857361733913e-04
1.410095137543976307e-04
1.365140342386439443e-04
1.321973104495555162e-04
1.280508440686389804e-04
1.240666024386882782e-04
1.202369821839965880e-04
1.165547946584410965e-04
1.130132441176101565e-04
1.096059131668880582e-04
1.063266972778365016e-04
1.031698411679826677e-04
1.001298733172006905e-04
9.720162051962688565e-05
9.438015695195645094e-05
9.166082600131630898e-05
8.903920388547703624e-05
8.651108510093763471e-05
8.407247514696791768e-05
8.171959052560850978e-05
7.944881508592516184e-05
7.725672912783920765e-05
7.514005119446665049e-05
7.309569627977907658e-05
7.112069579306989908e-05
6.921223393874242902e-05
6.736762588843703270e-05
6.558431778103113174e-05
6.385987217072397470e-05
6.219196802703663707e-05
6.057837526896037161e-05
5.901698386878706515e-05
5.750576747232116759e-05
5.604280522675253451e-05
5.462624540086835623e-05
5.325433085090480745e-05
5.192537355469539762e-05
5.063776916358619928e-05
4.938997153658419847e-05
4.818051093025133014e-05
4.700797580881044269e-05
4.587102012010291219e-05
4.476834874367341399e-05
4.369872476672753692e-05
4.266096584615297616e-05
4.165392965660430491e-05
4.067653571837581694e-05
3.972773265559226274e-05
3.880652366206049919e-05
3.791194467339664698e-05
3.704307891894131899e-05
3.619903873186558485e-05
3.537897646310739219e-05
3.458207720541395247e-05
3.380755515536293387e-05
3.305466088932007551e-05
3.232267044950276613e-05
3.161088898195885122e-05
3.091865073656663299e-05
3.024531179107725620e-05
2.959025550808291882e-05
2.895288707804866135e-05
2.833263533830177039e-05
2.772894913505297154e-05
2.714129914238583297e-05
2.656917604326736182e-05
2.601209052954800427e-05
2.546956602600403130e-05
2.494114960427395999e-05
2.442640106892213225e-05
2.392489841440692544e-05
2.343623236811254174e-05
2.296001002832781523e-05
2.249585304525680840e-05
2.204339580202940851e-05
2.160228177672252059e-05
2.117217627528589219e-05
2.075274460366927087e-05
2.034367389569524676e-05
1.994465674215462059e-05
1.955539664777461439e-05
1.917560985020827502e-05
1.880501804407685995e-05
1.844335565692745149e-05
1.809036621125414968e-05
1.774579868651926517e-05
1.740941479511093348e-05
1.708097988739609718e-05
1.676027204666752368e-05
1.644707117520738393e-05
1.614116627024486661e-05
1.584235724294558167e-05
1.555044400447513908e-05
1.526523737993557006e-05
1.498655274190241471e-05
1.471421182941412553e-05
1.444804092898266390e-05
1.418787360307760537e-05
1.393354796164203435e-05
1.368490666209254414e-05
1.344179690931923687e-05
1.320407227467512712e-05
1.297158996749203652e-05
1.274421083508059382e-05
1.252180209121434018e-05
1.230423276865622029e-05
1.209137644764268771e-05
1.188311216537840664e-05
1.167931986856274307e-05
1.147988587035797536e-05
1.128469830291578546e-05
1.109364893636666238e-05
1.090663135983049870e-05
1.072354643838480115e-05
1.054429321811767295e-05
1.036877529259072617e-05
1.019690171233378351e-05
1.002857970888726413e-05
9.863722880254499614e-06
9.702244824438821524e-06
9.544062777422368526e-06
9.389097613166086376e-06
9.237269296136219054e-06
9.088502338272519410e-06
8.942723070504143834e-06
8.799859642749652267e-06
8.659841114422306418e-06
8.522602001903578639e-06
8.388074093090835959e-06
8.256194632849656045e-06
8.126900866045616567e-06
8.000131856533698738e-06
7.875828487158287317e-06
7.753933459753170609e-06
7.634391295141540468e-06
7.517146968893939629e-06
7.402148185065016150e-06
7.289343102456768975e-06
7.178681698860600591e-06
7.070115316309966147e-06
6.963596661080373451e-06
6.859078894194681197e-06
6.756517450412502512e-06
6.655868673988152295e-06
6.557089363923296332e-06
6.460138592956354842e-06
6.364974979078397155e-06
6.271559868764597923e-06
6.179854153742780909e-06
6.089820999477524310e-06
6.001423571433406323e-06
5.914625944569706917e-06
5.829394467582460493e-06
5.745694124925648794e-06
5.663493084284709767e-06
5.582758149103028700e-06
5.503458851308096200e-06
5.425563813332701102e-06
5.349044386093737558e-06
5.273870101518696174e-06
5.200014129513874650e-06
5.127447366248816252e-06
5.056143891124520451e-06
4.986077328794635832e-06
4.917221303912810981e-06
4.849551260122098029e-06
4.783042641065549105e-06
4.717671345133567229e-06
4.653414634958608076e-06
4.590249318425776437e-06
4.528153567662229761e-06
4.467105100047774613e-06
4.407083451951621100e-06
4.348067704995628446e-06
4.290037395549006760e-06
4.232972969475667924e-06
4.176855327386874706e-06
4.121665369893889874e-06
4.067385361850028858e-06
4.013996203866554424e-06
3.961481525038834661e-06
3.909824044967535883e-06
3.859006483253324404e-06
3.809012468991568312e-06
3.759826540772337466e-06
3.711432555064675398e-06
3.663815732579678297e-06
3.616960839281091467e-06
3.570853095880011097e-06
3.525478632582235150e-06
3.480823352219886146e-06
3.436873384998762049e-06
3.393615770619362593e-06
3.351037094034836628e-06
3.309124849693034776e-06
3.267866304668132216e-06
3.227249408155330457e-06
3.187262336723506451e-06
3.147893266941537149e-06
3.109130602751974948e-06
3.070963430218398571e-06
3.033380608030711301e-06
2.996371449626167305e-06
2.959925495815696195e-06
2.924032514783903025e-06
2.888682502089068294e-06
2.853865453289472498e-06
2.819572046064422466e-06
2.785792503345874138e-06
2.752517730186809786e-06
2.719738859013887122e-06
2.687446794880088419e-06
2.655632897585746832e-06
2.624288981678546406e-06
2.593406406958820298e-06
2.562977215347927995e-06
2.532993448767228983e-06
2.503447149138082750e-06
2.474330813129199669e-06
2.445636937409290113e-06
2.417358018647064455e-06
2.389487008258583955e-06
2.362016857659909874e-06
2.334940745640778914e-06
2.308251623617252335e-06
2.281943125126417726e-06
2.256008883705362678e-06
2.230442078143823892e-06
2.205236796726239845e-06
2.180386672989698127e-06
2.155886022592312656e-06
2.131728933818521909e-06
2.107909267579088919e-06
2.084421794279478490e-06
2.061260829577804543e-06
2.038420689132180996e-06
2.015896370721748099e-06
1.993682644751970656e-06
1.971774281628313474e-06
1.950166051756241359e-06
1.928853407662245445e-06
1.907831347125465982e-06
1.887094981611880939e-06
1.866639877334819175e-06
1.846461373133934103e-06
1.826554921535716858e-06
1.806916202440334018e-06
1.787541009434789885e-06
1.768424908732413314e-06
1.749563921293884050e-06
1.730953840706206392e-06
1.712590687930060085e-06
1.694470597612962592e-06
1.676589704402431380e-06
1.658944142945983913e-06
1.641530388951650821e-06
1.624344577066949569e-06
1.607383296686748508e-06
1.590642909832240548e-06
1.574120119585131761e-06
1.557811401653452776e-06
1.541713459118909668e-06
1.525823108750046231e-06
1.510137053628568538e-06
1.494652224209858105e-06
1.479365437262458727e-06
1.464273736928589642e-06
1.449374167350470088e-06
1.434663658983481582e-06
1.420139483343518805e-06
1.405798798259638716e-06
1.391638647874060553e-06
1.377656644763192162e-06
1.363849719382415060e-06
1.350215597994974814e-06
1.336751438429928385e-06
1.323454739576845895e-06
1.310323114012135193e-06
1.297354060625366401e-06
1.284545191992947366e-06
1.271894120691285934e-06
1.259398459296789952e-06
1.247055934072704986e-06
1.234864384969114326e-06
1.222821538249263540e-06
1.210925120176398195e-06
1.199173198074277025e-06
1.187563611892983317e-06
1.176094201582600363e-06
1.164763034466886893e-06
1.153568064182763919e-06
1.142507358053990174e-06
1.131578983404324390e-06
1.120781007557525299e-06
1.110111611524189357e-06
1.099568976314913016e-06
1.089151282940292731e-06
1.078856598724087235e-06
1.068683445737406146e-06
1.058630004990845919e-06
1.048694457495003007e-06
1.038875439007824752e-06
1.029171016853069887e-06
1.019579713101848029e-06
1.010099936138431076e-06
1.000730094347090926e-06
9.914688234857749194e-07
9.823144182519172318e-07
9.732655144034652039e-07
9.643205203246907331e-07
9.554781854603788815e-07
9.467370318816392682e-07
9.380956953464192338e-07
9.295526979258283973e-07
9.211068459080706816e-07
9.127567182076745667e-07
9.045010074260062538e-07
8.963385198512696661e-07
8.882679480848310050e-07
8.802880415714753326e-07
8.723975497559877113e-07
8.645953357699909247e-07
8.568802059016888961e-07
8.492510232827044092e-07
8.417065373578225262e-07
8.342457249455037527e-07
8.268673923339520115e-07
8.195705163416278083e-07
8.123540169435727876e-07
8.052167572714097332e-07
7.981577709870180115e-07
7.911760349088581279e-07
7.842704690119717270e-07
7.774401069582381751e-07
7.706839824095368385e-07
7.640011290277470835e-07
7.573906373181671370e-07
7.508514840992575046e-07
7.443827598763164133e-07
7.379836119980609510e-07
7.316530741263704840e-07
7.253903504533809610e-07
7.191944746409717482e-07
7.130646508812787943e-07
7.070000833664380480e-07
7.009998057583288755e-07
6.950631359359249473e-07
6.891891644045244902e-07
6.833771521996823139e-07
6.776263035135343671e-07
6.719358225382165983e-07
6.663050271527026780e-07
6.607330647057096940e-07
6.552193099196301773e-07
6.497629101431812160e-07
6.443632400987553410e-07
6.390196176653262228e-07
6.337312470350298099e-07
6.284975029302586336e-07
6.233177032299863640e-07
6.181911658131866716e-07
6.131172085588332266e-07
6.080953198761562817e-07
6.031247039572917856e-07
5.982047923680511303e-07
5.933349598308268469e-07
5.885146379114303272e-07
5.837431444888352416e-07
5.790199679722718429e-07
5.743444262407138012e-07
5.697160645468102302e-07
5.651342576129536610e-07
5.605983801615366247e-07
5.561079774452082347e-07
5.516624241863610223e-07
5.472612656376441009e-07
5.429038765214500017e-07
5.385898589338466991e-07
5.343185875972267240e-07
5.300895509208203293e-07
5.259023510006954893e-07
5.217563625592447352e-07
5.176512445359549019e-07
5.135863716532185208e-07
5.095613460071035661e-07
5.055757128502591513e-07
5.016289605919155292e-07
4.977206913281406742e-07
4.938503934681648389e-07
4.900176691080559976e-07
4.862220635004632641e-07
4.824631787414546125e-07
4.787405600836791564e-07
4.750537527797860093e-07
4.714023873475525761e-07
4.677860658830468310e-07
4.642043620606273180e-07
4.606568779763620114e-07
4.571432441480283160e-07
4.536630342499847757e-07
4.502159072217182256e-07
4.468014935810060706e-07
4.434193670022068545e-07
4.400691864248074125e-07
4.367506107882945798e-07
4.334632706104457611e-07
4.302068248307477916e-07
4.269809039669780759e-07
4.237851669586234493e-07
4.206192727451707469e-07
4.174829086878162343e-07
4.143757337260467466e-07
4.112974352210585494e-07
4.082476721123384777e-07
4.052261317610827973e-07
4.022324731067783432e-07
3.992664687757496722e-07
3.963277208640647586e-07
3.934160019980481593e-07
3.905309426954772789e-07
3.876723155826766742e-07
3.848398080208426109e-07
3.820331357928807847e-07
3.792519862599874614e-07
3.764961320484871976e-07
3.737652605195762590e-07
3.710591158778697718e-07
3.683774423279828625e-07
3.657199272311117966e-07
3.630863716352905612e-07
3.604764629017154220e-07
3.578899736567109358e-07
3.553266481048922287e-07
3.527862588725838577e-07
3.502685217426915187e-07
3.477732093415397685e-07
3.453000942954531638e-07
3.428489208090468310e-07
3.404194615086453268e-07
3.380115174422826385e-07
3.356248043928644620e-07
3.332591518301342148e-07
3.309142755369975930e-07
3.285900334049074445e-07
3.262861412167694652e-07
3.240024284423270728e-07
3.217386392861953937e-07
3.194946316398272756e-07
3.172701212861284148e-07
3.150649661165516591e-07
3.128789387574215652e-07
3.107118402567721205e-07
3.085634716626373120e-07
3.064336624447605573e-07
3.043221852294664131e-07
3.022288979082077276e-07
3.001535446855996270e-07
2.980960118748043897e-07
2.960560721021465724e-07
2.940335548373695929e-07
2.920282611285074381e-07
2.900400772887223866e-07
2.880687759443389950e-07
2.861141865651006810e-07
2.841761670424602926e-07
2.822545184244518168e-07
2.803490986025281018e-07
2.784597370464325650e-07
2.765862632259086240e-07
2.747285350324091269e-07
2.728863819356774911e-07
2.710596334054571344e-07
2.692481473332009045e-07
2.674517816103616497e-07
2.656703941283922177e-07
2.639037859353265958e-07
2.621518433443270624e-07
2.604144526685558958e-07
2.586914149560470833e-07
2.569825880982534727e-07
2.552878868300467730e-07
2.536071121994609712e-07
2.519401505196583457e-07
2.502868881038011750e-07
2.486471544216328766e-07
2.470208073646062985e-07
2.454077616675931495e-07
2.438078752220462775e-07
2.422210059194185305e-07
2.406470116511627566e-07
2.390858071521506645e-07
2.375372218921256717e-07
2.360011706059594871e-07
2.344775111851049587e-07
2.329661441535790800e-07
2.314669274028346990e-07
2.299797614568888093e-07
2.285045184180489741e-07
2.270410845994774718e-07
2.255893605251912959e-07
2.241492182974980096e-07
2.227205584404146066e-07
2.213032530562486500e-07
2.198972168798718485e-07
2.185023362244464806e-07
2.171184974031348247e-07
2.157455867290991591e-07
2.143835189372111927e-07
2.130321945514879189e-07
2.116914998850916163e-07
2.103613354620392784e-07
2.090416018063478987e-07
2.077322136528891861e-07
2.064330573148254189e-07
2.051440475270283059e-07
2.038650848135148408e-07
2.025960696983020171e-07
2.013369169162615435e-07
2.000875412022651290e-07
1.988478430803297670e-07
1.976177230744724511e-07
1.963971101304196054e-07
1.951859047721882234e-07
1.939840359455047292e-07
1.927913899635314010e-07
1.916079099828493781e-07
1.904334965274756541e-07
1.892680643322819378e-07
1.881115423429946532e-07
1.869638452944855089e-07
1.858248737107714987e-07
1.846945849592884770e-07
1.835728653531987220e-07
1.824596580490833730e-07
1.813548635709594237e-07
1.802584392862627283e-07
1.791702857190102804e-07
1.780903176040737890e-07
1.770184923088891082e-07
1.759547103574732319e-07
1.748989149064072990e-07
1.738510349014177336e-07
1.728109850773762446e-07
1.717786943800092558e-07
1.707541059658979066e-07
1.697371487807686208e-07
1.687277659812025377e-07
1.677258580912166508e-07
1.667313824782468146e-07
1.657442822988741682e-07
1.647644580771157052e-07
1.637918813912619953e-07
1.628264527653300320e-07
1.618681437776103849e-07
1.609168691629747627e-07
1.599725862888590200e-07
1.590352098901348654e-07
1.581046831233834382e-07
1.571809633560405928e-07
1.562639795338327531e-07
1.553536748133410583e-07
1.544499923511466477e-07
1.535528753038306604e-07
1.526622526171195204e-07
1.517780958693037974e-07
1.509003197952552000e-07
1.500288817624095827e-07
1.491637249273480847e-07
1.483048066575065604e-07
1.474520558986114338e-07
1.466054300180985592e-07
1.457648721725490759e-07
1.449303255185441230e-07
1.441017474235195550e-07
1.432790810440565110e-07
1.424622837475908455e-07
1.416512986907036975e-07
1.408460690299762064e-07
1.400465663436989416e-07
1.392527195775983273e-07
1.384645003099649330e-07
1.376818516973798978e-07
1.369047168964243610e-07
1.361330674853888922e-07
1.353668324099999154e-07
1.346059974594027153e-07
1.338504915793237160e-07
1.331002863480534870e-07
1.323553391330278828e-07
1.316155788799733273e-07
1.308809913780351053e-07
1.301515197837943560e-07
1.294271214646869339e-07
1.287077679990034085e-07
1.279934025433249190e-07
1.272839824650873197e-07
1.265794651317264652e-07
1.258798221215329249e-07
1.251850108019425534e-07
1.244949885403912049e-07
1.238097127043147339e-07
1.231291406611489947e-07
1.224532439891845570e-07
1.217819800558572751e-07
1.211153204394577187e-07
1.204532082965670270e-07
1.197956152054757695e-07
1.191424985336198006e-07
1.184938298592896899e-07
1.178495736553486495e-07
1.172096943946598913e-07
1.165741494446592696e-07
1.159429032782099966e-07
1.153159274736026418e-07
1.146931865037004172e-07
1.140746448413665348e-07
1.134602669594642066e-07
1.128500173308566445e-07
1.122438675338344183e-07
1.116417891466880974e-07
1.110437324314261787e-07
1.104496831771939469e-07
1.098595987514272565e-07
1.092734507324166771e-07
1.086912106984527782e-07
1.081128360169714142e-07
1.075383124771178700e-07
1.069675974463279999e-07
1.064006625028923736e-07
1.058374792251015606e-07
1.052780262966734881e-07
1.047222539796166529e-07
1.041701480630763399e-07
1.036216801253431186e-07
1.030768146392802009e-07
1.025355302886055142e-07
1.019977915461822704e-07
1.014635770957283967e-07
1.009328514101071050e-07
1.004055931730363227e-07
9.988177396280661924e-08
9.936137246313592186e-08
9.884434604146008496e-08
9.833068759235175094e-08
9.782036158867413178e-08
9.731333960871779709e-08
9.680959323077331646e-08
9.630911534941333230e-08
9.581185622664634138e-08
9.531780875704498612e-08
9.482694451889983611e-08
9.433922798507410334e-08
9.385465205014043022e-08
9.337318118696202873e-08
9.289479407925682608e-08
9.241946230531539186e-08
9.194717165428301087e-08
9.147789370445025270e-08
9.101160713953504455e-08
9.054829064325531363e-08
9.008791579390162951e-08
8.963046838061927701e-08
8.917591287627146812e-08
8.872424217543084524e-08
8.827542785638797795e-08
8.782944860286079347e-08
8.738627599313986138e-08
8.694590292179782409e-08
8.650830096712525119e-08
8.607344170741271228e-08
8.564131803723284975e-08
8.521190153487623320e-08
8.478517088406078983e-08
8.436111187393180444e-08
8.393970318820720422e-08
8.352091640517755877e-08
8.310474441941551049e-08
8.269115880921162898e-08
8.228014536371119902e-08
8.187168276663214783e-08
8.146574970169240260e-08
8.106233195803724811e-08
8.066140821938461158e-08
8.026295716945242020e-08
7.986697170281331637e-08
7.947341629233051208e-08
7.908229093800400733e-08
7.869356011269701412e-08
7.830722381640953245e-08
7.792324652200477431e-08
7.754162822948273970e-08
7.716234051713399822e-08
7.678536917410383467e-08
7.641069998953753384e-08
7.603831164715302293e-08
7.566818993609558675e-08
7.530031354008315247e-08
7.493467535368836252e-08
7.457125406062914408e-08
7.421002834462342435e-08
7.385099820567120332e-08
7.349412811663569300e-08
7.313941097208953579e-08
7.278683256117801648e-08
7.243637867304641986e-08
7.208803509684003075e-08
7.174178051627677632e-08
7.139760072050194140e-08
7.105548149866081076e-08
7.071540863989866921e-08
7.037737503878815915e-08
7.004135227361985017e-08
6.970734034439374227e-08
6.937531082940040505e-08
6.904525662321248092e-08
6.871716351497525466e-08
6.839101729383401107e-08
6.806680374893403496e-08
6.774451577484796871e-08
6.742412494986638194e-08
6.710563127398927463e-08
6.678901343093457399e-08
6.647425720984756481e-08
6.616136261072824709e-08
6.585030121186719043e-08
6.554106590783703723e-08
6.523364248778307228e-08
6.492802384627793799e-08
6.462419577246691915e-08
6.432213695006794296e-08
6.402184027365365182e-08
6.372329863779668813e-08
6.342649072621497908e-08
6.313141653890852467e-08
6.283804765416789451e-08
6.254639117742044618e-08
6.225641868695674930e-08
6.196812307734944625e-08
6.168149724317117943e-08
6.139652697356723365e-08
6.111319805768289370e-08
6.083151049551815959e-08
6.055143586536360090e-08
6.027297416721921763e-08
5.999611119023029460e-08
5.972083272354211658e-08
5.944713876715468359e-08
5.917500445207224402e-08
5.890442977829479787e-08
5.863540053496762994e-08
5.836790251123602502e-08
5.810192860167262552e-08
5.783747170085007383e-08
5.757451404519997595e-08
5.731305208200865309e-08
5.705307160042139003e-08
5.679456194229715038e-08
5.653751600220857654e-08
5.628192667472831090e-08
5.602777619628795946e-08
5.577506101417384343e-08
5.552376691753124760e-08
5.527388680093281437e-08
5.502541355895118613e-08
5.477833298073164769e-08
5.453263796084684145e-08
5.428831784115573100e-08
5.404536906894463755e-08
5.380377388064516708e-08
5.356352872354364081e-08
5.332462293949902232e-08
5.308704942308395403e-08
5.285079396344372071e-08
5.261585300786464359e-08
5.238221945091936504e-08
5.214987908175316988e-08
5.191882479493870051e-08
5.168904948504859931e-08
5.146054249394182989e-08
5.123330026890471345e-08
5.100730859908253478e-08
5.078256393176161509e-08
5.055905205608723918e-08
5.033677297205940704e-08
5.011571246882340347e-08
4.989586344095187087e-08
4.967721878301745164e-08
4.945977138959278818e-08
4.924351415525052289e-08
4.902843642184961936e-08
4.881453108396272000e-08
4.860179103616246721e-08
4.839020917302150337e-08
4.817977838911247090e-08
4.797049157900801220e-08
4.776233808456709085e-08
4.755531080036234926e-08
4.734940617368010862e-08
4.714461709909301135e-08
4.694092936574634223e-08
4.673834297364010126e-08
4.653685081734693085e-08
4.633643868601211580e-08
4.613710657963565609e-08
4.593884739279019414e-08
4.574165046733469353e-08
4.554550869784179667e-08
4.535041853159782477e-08
4.515637286317542021e-08
4.496336458714722539e-08
4.477138304537220392e-08
4.458042823785035580e-08
4.439048950644064462e-08
4.420156329842939158e-08
4.401363895567556028e-08
4.382671292546547193e-08
4.364077810237176891e-08
4.345583093368077243e-08
4.327185720853776729e-08
4.308886047965643229e-08
4.290683008889573102e-08
4.272575893082830589e-08
4.254563990002679930e-08
4.236647299649121123e-08
4.218824756208050530e-08
4.201095649136732391e-08
4.183459623163798824e-08
4.165916323017881950e-08
4.148464682884878130e-08
4.131104347493419482e-08
4.113834606300770247e-08
4.096655104035562545e-08
4.079565130155060615e-08
4.062564329387896578e-08
4.045651991191334673e-08
4.028827760294007021e-08
4.012090570881809981e-08
3.995440422954743553e-08
3.978876605970071978e-08
3.962398409385059495e-08
3.946005477928338223e-08
3.929697101057172404e-08
3.913473278771562036e-08
3.897332589986035600e-08
3.881275389971960976e-08
3.865300612915234524e-08
3.849408258815856243e-08
3.833597261859722494e-08
3.817867266775465396e-08
3.802218273563084949e-08
3.786648861137109634e-08
3.771159384768907330e-08
3.755749133915742277e-08
3.740417398034878715e-08
3.725163821854948765e-08
3.709988050104584545e-08
3.694889372241050296e-08
3.679867077721610258e-08
3.664921521817632311e-08
3.650051638715012814e-08
3.635257073142383888e-08
3.620537469828377652e-08
3.605892473501626228e-08
3.591321018348025973e-08
3.576823459638944769e-08
3.562398731560278975e-08
3.548046834112028591e-08
3.533767056751457858e-08
3.519559044207198895e-08
3.505422441207883821e-08
3.491356892482144758e-08
3.477361687487245945e-08
3.463436470951819501e-08
3.449580887604497548e-08
3.435794582173912204e-08
3.422077199388695590e-08
3.408428028706111945e-08
3.394847070126161270e-08
3.381333613106107805e-08
3.367887302374583669e-08
3.354507427388853102e-08
3.341194343420283985e-08
3.327947339926140558e-08
3.314765706363687059e-08
3.301649087461555609e-08
3.288597838491114089e-08
