4.991728985714871669e-08
3.839631901314533025e-08
5.134058156386345217e-08
4.119221941323303326e-08
3.877585896816526656e-08
3.706524864810489817e-08
3.568374751239389298e-08
3.216266364347575291e-08
3.556906236212853401e-08
2.959524891821274650e-08
2.590732783858129551e-08
2.502763862821666407e-08
2.023108791604499856e-08
1.997861609481788037e-08
1.968160923127015849e-08
1.984397535181869898e-08
1.768490953679702216e-08
1.916620995245921222e-08
1.991536713319419505e-08
1.956800232960631547e-08
1.935964633048570249e-08
1.991426401559692749e-08
1.629899060162642854e-08
1.475319422183929419e-08
